Lichtsensor - meetwaarden op het zwart van de barcode, bij veellicht en terwijl de robot rijdt.
MEETWAARDE 2

33
33
33
33
33
33
34
33
33
34
33
34
34
33
33
33
35
34
34
35
35
35
35
35
35
34
34
33
33
33
34
33
33
33
33
33
33
33
33
33
33
33
33
33
33
33
33
33
34
33
33
33
33
33
34
33
33
33
33
33
33
33
33
33
33
33
34
33
34
34
34
33
33
35
34
34
34
34
34
34
34
34
34
33
33
34
34
33
34
34
34
34
33
33
33
33
33
33
33
33
33
33
33
33
33
33
33
33
33
33
33
33
33
34
33
34
33
34
33
34
34
34
34
34
35
34
34
34
34
34
34
34
34
34
34
34
34
34
33
34
33
34
33
33
33
33
33
32
33
33
33
33
33
33
33
33
33
33
32
33
33
33
33
33
34
33
33
33
34
33
33
33
34
34
34
34
34
35
35
35
35
35
34
34
34
33
34
34
34
33
33
33
33
33
33
33
33
33
33
33
33
33
33
33
33
33
33
33
33
34
34
34
34
34
34
34
34
34
34
34
33
33
34
33
34
33
34
34
34
33
33
34
34
34
34
34
34
34
34
34
34
34
34
34
34
34
34
34
34
34
33
34
34
34
34
34
34
34
34
34
34
34
34
34
34
33
33
33
33
33
33
33
33
33
34
33
33
33
33
33
33
33
33
33
33
33
33
33
33
33
33
34
34
34
34
34
34
34
33
33
