Lichtsensor - meetwaarden op het paneel, bij weinig licht en terwijl de robot rijdt.


47
50
50
50
50
50
49
49
49
49
50
49
49
49
49
48
48
47
49
50
50
50
49
50
50
50
49
50
50
50
50
50
50
50
50
49
49
49
49
50
49
50
48
48
49
50
50
50
49
50
48
48
50
50
50
50
50
50
50
50
48
49
49
49
49
49
50
48
48
48
48
48
49
50
50
49
49
50
50
50
50
50
50
50
50
49
50
50
50
49
50
49
49
50
50
49
50
51
51
50
50
49
49
49
50
50
50
50
50
49
50
49
48
48
48
47
48
47
47
47
47
47
49
50
50
49
50
49
49
48
50
50
50
50
50
50
50
50
50
50
50
50
50
50
50
50
50
50
51
50
49
50
49
50
50
50
49
50
50
50
49
50
51
50
50
50
50
49
50
50
50
48
48
48
47
47
47
47
48
49
49
49
48
50
50
50
49
49
49
49
49
49
50
49
49
54
55
50
50
49
49
49
50
49
49
49
49
49
49
50
50
49
50
50
49
48
48
50
50
50
50
50
50
55
55
50
50
50
50
50
49
50
50
50
50
50
50
48
48
49
48
50
49
50
49
47
50
50
49
50
50
49
50
49
49
49
50
50
49
50
50
51
50
51
50
50
50
49
49
49
50
50
49
50
47
48
48
48
48
48
48
50
50
50
50
50
50
50
50
49
48
50
50
51
50
50
49
49
50
50
50
50
50
50
50
50
49
50
50
50
50
50
48
50
50
50
50
50
50
50
50
50
48
49
50
50
50
50
50
49
49
50
50
50
50
50
49
49
49
49
49
49
49
49
49
49
49
49
49
49
49
49
49
49
49
49
49
49
49
49
49
49
49
49
49
49
49
49
50
49
49
49
49
49
49
49
49
49
49
49
49
49
49
49
49
49
49
49
49
49
49
49
49
49
49
49
49
49
49
49
49
49
49
49
49
49
49
49
49
49
49
49
49
49
49
