53
55
55
55
55
55
55
55
55
55
55
55
55
55
56
56
56
55
55
55
55
55
55
55
55
55
55
55
55
55
55
55
55
55
55
55
55
55
55
55
55
55
55
55
55
55
55
55
55
55
55
55
55
55
55
55
55
55
55
55
55
55
55
55
55
55
55
55
55
55
55
56
56
56
55
55
55
55
55
55
55
55
55
55
55
55
55
55
55
55
55
55
55
55
55
55
55
55
55
55
55
55
55
55
55
55
55
55
55
56
55
55
55
55
55
55
55
55
55
55
55
55
55
55
55
55
55
55
56
56
56
55
56
56
55
56
56
55
56
55
56
56
56
56
55
55
55
55
55
55
55
55
55
55
56
55
56
55
56
56
55
55
55
55
55
55
54
55
55
55
55
55
55
55
55
55
55
55
55
55
55
55
55
55
55
55
55
55
55
55
55
55
55
55
55
55
55
56
56
55
55
56
56
56
55
56
56
56
56
56
56
56
55
55
55
55
55
55
54
55
55
54
54
54
54
55
49
50
49
51
55
55
55
55
55
55
55
55
50
50
51
55
55
55
55
53
51
55
53
53
53
54
56
56
56
56
56
56
56
55
55
56
56
56
56
56
56
56
56
56
55
55
55
56
56
55
55
55
56
56
55
55
56
56
55
55
55
55
56
55
55
55
55
56
55
55
56
55
55
56
55
56
56
55
56
55
55
